2545227769854794735117314969
13854092299591922887556017531
2506459873885318704
0
78848389784291229684539623689
36231740739873105246403419703
3244009088431320521
0
71609465759956787955519628281
2341863237357103686035875548
1810964745492808631
0
67305231301880350874969636281
69950109345306496647531139515
606603031930702237
0
66398524717201837056053626968
12545989831738379068189990837
3307212088096499604
0
61935603383364955240633148368
39912793314704577697529868657
957204863942005426
0
4287294989703086889103026026
34817174983093928163199146614
256086174574326107
0
14274571998361352250493474784
55772825048116820371145929812
3085515286518165895
0
4
82435080784153385081019247899568003052
5630109397661729671177105815544034120
202901537539238305913356593326798556783
11453956954066319874410745583657437206
66528662224808732729848773064785394188
919324088482937943582103534736342634
66528662224808732729848773064785394188
919324088482937943582103534736342634
77445295540380275633698945663
64910318464185258050059550645
2292795229802135217
5368090605718540560636810766
49390330679542434146076805145
1746122847288046793
44377668913897054095551465966
27664063609745028707983373107
880195773642832773
55641798274762394704344120991
66712216661846095598030890541
2604280700497851468
64547524358062878196580244289
38597466775613002175412356035
644787472760210498
73596109259755886000131269075
62046714628799986633478549535
2434631163484820389
28846233517548782953573896622
76342047450531665509247289697
2535551215871784944
8928696639961784968198814331
39583442625435370089504965746
1310359808678590058
71587474511213785432025838548
11338824095781686761261447546
9577912688930835
75330644341179898935184684116
6883284190144165437791720486
674309294218867279
23053062848157343168844924756
12365371788496276146268947083
2873105259102464551
51470926276343243144240471377
30977628922666990880747537189
2892938185529065412
47830365723913221512019020952
28093027835042698222747405522
746887685565276836
73202193872458266607903135120
16739365507312824115617776315
445325720826825927
65863922744475030381379322631
41111634348201806307112095174
2960199666114727128
70996201346607327375406688858
62455106938377040657285252873
2229214597062539989
33815640411635022141676020038
17614262436586238720125216611
1015786801146268501
59514849423960475913124286655
34411972200222994199020859747
1499583528497325120
73233509106408111759755243525
60460207675691872215470845558
2802008278026123959
46432627763676746888355304384
71719979766839860002198394102
956641745062355987
11102036223335581720442517963
5705623040871193678166590211
245680770342128624
71022741022801385714973744529
35058210239572457171694975953
337500753590289447
66157798142803640850097166795
21174766381114253495326017005
2921546730848090650
48059808874161785119396340028
29382188580678003637649747633
2380667821544464103
0
0
0
0
0
0
35717919122505863182793101258
38321232967395819819318928199
33653293845735846
0
0
0
0
0
0
60126610212574038899502857656
7521540037295293717633716927
2853604986499631260
34
25334496516813347908710780200
16683066184587096544225124808
463859059666781657
60732864153872728138197214817
75334100956588150960191286284
2285938253721677042
72058961532042517225358775512
26971127473754290296830600396
623732896113935700
4538683130844977482732165254
38047309935887185722857486398
1543656814273430360
64331941763263382999960259729
27330661065956305586836897119
2116562652617618340
34387273871497369059647322134
10676545712345560405237855279
2210426172686767257
8802854438689583345366820489
77540000368591211115423570917
3276440907881610802
8277920557777912744004165005
23569313371478140020394728872
3401134219514280148
37647145343688709441798773372
63585154087452932708504156075
1813727605989341844
76077017304878619967796868751
24638143608807499468175451645
54802400336767583
12237741465956348881716521828
52924590684538389799927346144
1457173106609874934
26158720941307874141212562402
16843637209172850597650330963
191568546122681037
5103485123881587308545358085
71194709331947337993689680133
454867548860629774
11424347573543786905902136498
21854247611646580815231192631
1509097777932903447
30571973674224184005282402609
46052328009642722971686150077
545920554321806654
65522267429900849403006670095
29717898705320045540664076039
2629827595291025398
62782032724819249479370871237
14221593888525758974488326913
715248146967171739
59715637077279771426222875369
55269825486003638002932060995
2653192708027863040
29481649262068130495574034543
34431774913846272810687674318
764072101637029639
30913783653042043394494689681
43287820454471931296158736721
198686919440819383
71906001232317974112061286073
10144201365958373478669221247
926139842688756429
19631346339155864959978062057
1839651431668537090320435474
1820071112389123329
867347382069376120314758557
55657476360409321106020572130
2280847301206512280
73135458136685540566278022820
32427151915689226478384365551
904404509869919971
26268684433267175196695122064
55377338319288343498584381864
2205517119288395224
15071805734554888240418290570
39803711355141780312656074191
2233680799644100107
23918510480815654492815498391
47193713684852254123671140922
3139329550448086796
56155403287091949710962905935
30717387086844615886924700021
3085942283808024908
62042772591032166322121969711
25361065240033581317264521420
477040694973404169
712435103705381155437396800
25467237308491532410742903447
564159196122191442
13291175680644909808530853323
15005465337685123467697470194
2877726089329795242
6109026245234882949917476795
73128946993282222567295398045
2420986089646038240
15359487202886693633354917968
64300829855845884621209331766
2820563771326591758
39234657272805330184959115411
26380339153109990547919733368
138349398109068019
1598814578719463513298475372
37712021367848141613153211679
1704431786321495488
16658077191484608315639999854
42709967341231652093544184670
1497649194138579079
41702387085928855156201982874
26945826604359315768796609788
1756011263048476214
28918989305608938009246961479
13888675714866133483401160998
962194594733392095
79213326548616830824468425985
76371589635977986676312419887
3005228537361863613
53526359026524250357615066807
64145819196271315295757738872
1518834324408183722
74732616265628870091790552289
69735002050674680807374588753
89277416930012461
75969432504314678529850200420
78538553967460487275884412773
2723771826403608441
31662129044259036552609641870
43775736885661398700436788692
550486168004222690
11366027788739217841369513054
10658476535395200976984702156
303258884643328604
5673643789818644002131745670
52972470030279303563054532894
498308378484776512
5768955483233160929867807882
74732197594840788215066487793
745884153254221211
75197976879791561904156351376
78106990918514182131641702167
492258538394568795
70889012741315443503815585206
63511810916683343701281292800
37751363513293260
41198279904996453184841943886
52273100180768178637471694178
3303538761325337456
67488257618571183767707592032
31674477244149302761109217417
404790147691217294
47757019234850817060910081943
30721326359025796982516900106
3481087599187418944
31130565360495963882915417438
38085270649774029585057857771
866377932080329633
22802818206451015275597478883
14918023530107189503659239980
3324008347329198565
3065079925492184331803003140
29426903517675493190787586328
2491395748322874590
71264305454902459626048184500
73057115607646276359953691747
2767116727593479780
40894384108071713777036570003
55351439080032296999896642590
1535009959682801092
71878843282329206870929741203
30344373345581217904336149522
1741518736606106465
14147592458356683621317270636
12517847367084176663333535654
3373744723427660529
31806655462830435696449028312
57280673657852082899369486209
1973820375650302591
29303204302922012278510390704
1141406050201847738520473473
1919284668447141134
48449916328213941620563320365
60493890230371487974397567946
1200240056871277696
249596205912514832137480699
52008165904995279905933034113
1676179554088937265
57527058986621704950216920144
12242775731420624253118192448
2458670253399842972
42679993605514929106316619833
65783870678266312037552574342
1624163361860045310
43895351094508135011454601780
11529393820712316255258469223
3187538416066561825
60299038922852407868049170364
71911100410107891034157535490
2554852259033213671
42675528663654626919629341274
29617897800308914033597718978
2547784934967754794
44568931260912417669943632455
65508480805876454701783988373
1156715281265901539
68885366725408473439776169964
73187666598823178229913624605
1904318068646086562
44277705138604168823088004526
8190551464501366292484560687
2980842104154308876
52081077355607028633964945746
62835677236128474085657268901
11267112375367138
1414180697050908763065970261
37783784850079400614815453824
1002514598550190172
34233878871984137661773392035
16491440871287392547337461179
2490129101622701971
63674275552114490336964982991
62331171833869675325459623308
1375227733812953878
20372050657049387555972143691
28685484758746363700561936132
626831912699520365
4061870631956036815717233634
38247250083574858352932481900
619081410294265892
70246488746919562154130255910
50468782460757176465400051759
3012365829386335337
47251129167864670637898328091
21473784743688044412142853446
1876120608704603427
20443749017447511838621965294
2224795125869671483904599931
255413147484509713
31573729864773657252872489451
59595921926475175958332872489
2648906279169609166
24789332218262872665532626912
16193746225427156065797460114
1149501729008089979
71757045849614037969268389494
72250131911936448116134160010
2837530048568144659
11805014226555450310380929366
53852427656333855631095156557
1896485585898930518
35386260310785775151491200137
50127466903901769037988034877
1167102539099596619
15826327886840560777614954607
9807001878852885865943608725
2610359683169986746
36409905967944589095367508098
23843321547772349956491705957
11663117198120128
76983749205655052685468678929
79226146230243878526608357603
2352264363418231412
19922190242158647469845017336
20185385750879849258297697857
2560955235248033780
15620803270435664871730213334
63321395510188985593853493571
345590488283069550
3700940438519200865779313361
75431754284540142147558797127
3403727025775147890
79085981486353869144833361496
26238894306937572558340695594
347129583162336659
70319908973319267792411535733
7934359705902272751291685093
2471779822365743106
41213857916245699427865980209
4277843572760934215306812396
2612487991985709219
70691503209659045822471582069
57429059406051377399735900957
3110155522913880663
46966525705151603124765954028
155215347083094703473315028
2912419376138810015
66554400203967736383846249635
34905721899375302710122077784
56253146883913051
29990409973316056374988248513
65358684366284969024318485153
3101997994599866430
23123660618564709611986164787
49870636925546146347273184590
1526527762861601143
48252809338193150664736978511
78800441274785271695218602524
135139419062241198
66369671197814324587077971016
74848302654622884256150483251
414410168357847306
1924690792001814589761610287
54523379824725473169579545975
2021180448289267316
29245186046901854190334756894
49952250049163570247747504973
457609908941964526
65539813480124177895209805385
17408769191263754050587055622
959787015245885700
44293799040309332291892253278
63138492387490303216621911129
1670654455521575395
67322680786367603074564100884
2282503131119764311154524683
853910571240198674
31717977539175579541912996639
64412874965133876430936572648
1554855685219918455
36216071949097390935053729069
47067486366582101948405213754
670658673174390775
47300105875026400546687382180
16970433791778819239324244179
1440047494926766343
8146712892214608773457479257
32800413714449665914515644601
2851592837204542838
11999485243702245995723883195
78233407337028670144709363099
3449178112752053701
13741630745903850970155305098
25737406796688126845707915470
690346770977883136
23490513845375482458515992775
58095692646140144387725501315
1524109313107544625
28728908264356190444188029779
11236613098443826655571084304
536137352680573556
78651658225942863584516103068
13112998872462000017420501512
3122623664572697693
43294554560492074807585758804
23142330465212003999650874140
2684472600855250646
39029145909194335176322959293
73378312098068350849868758827
3398330861891179524
13212336480946893264650220952
42310903590807816077862072056
1072257450490516245
49148032599532011175192385224
75392566469276179039294687201
895200735965199290
58039983893785630219539906633
58498464730023629696394995335
1781871047488096538
36792765808243060312884573805
67404157233158279067287357316
675664121791302357
28937197272227481163431067766
26515479450369997635849473646
244682095344504906
68800314287196743695420562819
55808300253473529824288560786
1708071182242610909
37394185650572904813345321912
48364657415568025782918066138
2136844647396493729
9736961168186724874171048212
77277101178417088421389029484
2372209734878897407
76691474323932045938034064527
70337286724198516007491215190
839194130911028591
28948818465225392298589320656
22373799508648066233388929250
795594084185887321
66326319006665328486480857581
76172898728257615494835750300
2589690662214841346
24530752243513013524013342508
67956248572037007216143189919
89640557208638079
21551161282344843468186760008
58081186960476883759664653102
3116776813025086026
54544929940040923523508503688
25440232318735493918930475405
206498669901947266
67571538816519614219505524281
23095143415786675263311654204
2153095454701815281
39454617850096537744275049752
31385628709757357862365270227
111325610719381255
7896199050192776667455418453
55138886720534829508489055908
1100062281880049831
57604358558590552683391317543
44602981155628529163752612271
3118887432357854451
3824717861511124055995060645
40968069311303892710324979667
240778681745394045
32313147631825998190756515995
2670824729217019996170837314
2928086998679177406
68206960452819368467132246596
11355544728068647653778296609
3079906714825898621
36369815085170071268806296031
34314551320700485981408978327
850475529355689990
22362888266731484935904474119
73692990516050715344711040680
1570471493721422041
30854847926883097514250176786
74805395760357133303377278083
3466295097323438039
15489171609279957635826582010
70758126172720213558786192042
1166370645398222982
61757958564471534343739027658
10572999182583054682088379644
2174227380557738911
44446119748485614445305569138
28438419464599177331335012474
2781313398317600918
11488730074066790061313731824
36274069045575379778118246874
3312091448787567181
62937443787095111789020946663
59442145717747023214163867946
826633439623540380
53449107474852107245652304882
34328263145516355598434738531
3317600922213900432
37770928115750020917522930901
24502604455194584797389298914
438583565321610761
41743597047815937110247831248
77549820066459501477051964304
974656692020326275
51120190213988370716994667410
55823617006212787771948124677
677152616585788458
29683515130376703840156067068
25163241599387370014070137920
2577160552284247045
2931815294479305204056171912
56861653260141619540842323810
1950708494883165737
35588112965551506284518341366
64581753999171995083370804768
3193783823920902337
17102720431423700902223526462
38684559167923879864216362389
1273689509716035789
46343338153077559964633498425
13697363236275753472330573867
303820851979533690
11736729902371501362185196614
32345300352995011367494521651
330349025188002859
44251985691591918796413454420
6182203027541230487103507390
607132559938686743
6294880047113568339265650824
64123164851118743711279187606
2414960864305886654
49600017259650222721566298280
11672628811046222048260842411
3235207118241055150
76143829653640213954667140773
10393050185081962414547335281
1681175968640171963
19603744632845233558678023576
25844588973645806777042712420
398526475549543554
68917909729114004692427830650
55623944192044355926954018092
939547451674010006
59744274509566114359411947585
14210285618662034394009109333
1597070650574115423
27456845145551095536332978046
7231398427069803791674045418
2166701770243666833
28148388861686751787136376555
30295571675849077258678569926
2640217165398075014
38899146830916342695025658354
68031236895743236651678668216
2099242856754827163
60867262510302875213555697316
39734840976542018370146271865
848163100082471370
57142094645951605003333085802
47706176210275174732862572606
1714526844025608072
58795338493670104347112004376
46148489922671880990686415061
2216729949687390572
50355128158723627519041135816
790799706483729191856899889
1842540760648040957
75403162478265338389434360564
77951587291746630186437869975
3147973276351856064
10847897531271206921559638780
20004068551945164648865785080
28781040733891624
56042341561376142400954849299
74558964602073982599984629879
407550022018444315
20688386613096879037507768363
41060902773129960905539731708
2356880978869903683
66807202782385566125453922146
57838625194713261025543350994
1049434903050695658
36934389260305180665652288741
42495257030980800305572638018
1474374575703087503
25854764337843057084720564200
63870219924859661171170011574
1172074559872223593
60863304153364661962318494668
46390944799029845906407695959
1065495391125888320
4341025876258561254442391970
65492461487906869380165691731
925620300012974658
51129703532719118700193746779
52411239744467946826694146095
3309970195853273217
1348560989724749093018527479
12344434333003987905766757548
687604232774440044
59379843940572796424832809512
59282758438246490961021753476
1724018734181873234
3253783052947990616475638333
23131077955188351305378424079
1050021177427526255
51029156130460967639372580444
23371507917997651068023507807
3301000179630502091
45587035486197477146547158569
74905877051089784182420821275
1892360356776622964
56456603102113973631680596632
48745611047653741041050593256
3325026219122801979
51083654243174395258917466874
32978733010708477347748679133
1671332562907717854
74631222454439527756012652063
60181886469684612141433638466
2567533174950571735
56474256597823451010173936617
71395097958147457359635085165
2556572281114987153
55393817316689715305405330739
2912767829022597548691546057
2447819709090564524
40301081696981893854151436143
18428704122095737645588663634
952126643261469479
55124854286820157549011917932
5272216626012348214223483652
2581520404800106542
13127480577869521813678942820
33703941403011509631452473931
813681677401864256
5143622858293902143910600442
13768421415166926311454547789
2937982984165088356
46911013758334175000514038152
23055008586601365360106616361
1173668413234292617
70735377300386393874664721409
42798191357930909479840935125
2518654391538032531
7305336504245304807348727274
6633909538625907768247212928
962229608722661195
54325611068981268926346520971
35199826302452884326418092229
3038048233449722797
37204492559126031079835832378
13092997102719020360285148197
1786288000827998787
40599532776825423982453502618
1352086300771608768619964301
1461853503552188034
26231140772797501206737108283
46464951056731568262776173836
1827721270887766794
60590009675749281506744972261
14620871199633763090647296623
3368824973564279677
73647241908863465473634825471
69098495288992548151105083273
2070432051206021743
64058564809550451824582443858
71646034985167814413311661266
1259664841192109437
66183470972907356259848014101
66515609523527140222035009976
2713093613616983138
51748326806807759369439155855
44889860931778286527118137181
1138470360233812363
10291096081124579326085221382
58054908867993587839733596559
3313461031412647526
55624584971144791625435511119
70778296675971511965458205559
3207646822043606241
43429805243981752472469399199
41387909850427556597047221246
1568151677179731796
8022710915750276682864713037
65756437443139145601058310519
208138827889660674
5869813287243599196058825227
46966972969102281797605760121
1684821192290226956
42119940308047580594848603865
5090861761420619288668134393
3364360982853597099
52023986108972502898315980432
8450235652769982328554728590
1474801352073129305
73952106262061540604280994008
62840733567297871098478970781
472100487073082055
61036019346291459090370585895
58736766261691208854822245124
2462564010177439895
61728942347304931860498241949
11533033205935449420695050183
1544801936716646838
16809579814079672512253650196
71318415099168440812102535612
1694021867622179508
39997882286335828893083095234
77116222277728400606873856756
1032613371387477655
26271893523850098050247209493
72023605439174747730973180845
1962160533017646458
14997390592035624342326869901
65260684802346455924274498289
279256319778096059
28751125408701364795515982213
72911424200449433151444423014
989704815137986672
43755967247432655101402772447
78254758645886854448012854125
1871205521105150845
13869530612842035445674344929
3997220127957972464096437959
2894720559949032591
66790707754749362768236467810
13511529358166022695094008402
2750077945417209208
53536118684241405483003212789
51771688521132557403940483583
1775930508048975089
65496074982032705737468238722
52882879613430314434408633497
2606150399174796210
61132354895630947353055778716
3690378181131924310643433422
1045771386388682289
56687496719178955089882429151
10629034255417641339237833001
672938274920481229
4766031515568858682570818392
26182034859203541450033270514
2572098787987017306
64634414345601924244429995243
75830897890971085409788703239
2908124775841733778
14501694060373410359590218053
42556224143206804673742196077
1192193870013187193
40676684258156984221276522324
10650710967125949449239521796
1916817366150657516
64970708773497952677685601482
22146059022697917262491520554
1154272518577455092
29540968476365296016899244291
47338630507302188250414931154
2373484113148549523
41820539989364871504117169519
45308070396702660314905921940
2208401357213434645
56548531540215239957267031365
14375927935677140075589299434
647829509664241442
18899933589845757706596915112
24865267823905614460622744615
2749454430902233403
47460898042961117338362070506
19209423262683487131714542578
470760960169284777
44460429174742905805476047096
54694937464495318356048987645
860411042424624886
69497470276640987483083251973
6216565202522621713864891009
2185110369758351902
37830619063801809576818801219
16395872420401657152697056349
2936271166344559912
44689009123011812787848219806
7367166775172377129721496054
3250078044243357264
56905420732872033486490521946
35393613254065394243946456177
48863048688227705
10539437436390479280044026378
70219098740003776886789351274
3399815933086492330
27248391967421175019372351359
55244825937571969590618181879
2543464895176469425
10624562095056067340455622733
60646081621196318992354403668
2993469683521421740
24294479432628380149770130533
43143790936259757612916300914
349859506565151646
30049464081469071124756841118
54321491866197795466872546424
3000476657676662937
17278930758621539103582300363
35672355834766739763818029282
3221510111335371824
29411900197504996952012648353
13440456129910221405753660233
1308138378951016960
23361039107785882147676623887
62808441867556394760453917925
1794433500064495490
7404080289016132495767010480
51699749743354048889271889137
1381828978907273216
4383199778602213598226534532
49228998862761144741080470118
615295059130337958
36032316902964915122754590197
40164416116068895929732797855
1382279640981094586
22728433689873740511872049800
63003879411170329127956884182
1980840757740531877
72504780742156384430610983691
45728790077579759492755708344
2380204520617672151
14516248361724890258525492197
56960671099412739805380327809
1060359024489812134
49939762832181071412828677479
74931227879216116507484597316
730406860563730735
38154799821301869761078817877
57220903981822393077120046939
1393378800463585994
2518086297631464532437829897
70754622145241383411709339115
3155258327499831711
9600202843884298188969494955
46594743695129324833595858527
3457674811810786959
30760903261894378432437476687
46883948479479093242350912660
2780030228687857212
41130217982392817973153585076
66727667219421009330523723132
2016899334330727913
8054494140375378973272447789
75171628974901647555011386553
2428020320096722163
47165660359669245585722904602
13142015175844282692867269852
2829574548144238207
41218067290096422045690140397
10403468661106645291839270061
998224419080096035
4478718389657278327848291528
10776547415119100076135556896
2224457836890789453
31908388407252787077709449770
16922279304603841837034149466
869580758837465199
39568931248826585617242286207
52689835394793296765478261741
54150196982642480
67311521945393026239704318330
75770698043439752802284501519
3297966105506928481
16892293244555662081044931995
40574022300407532299846352430
2248515949295854161
43659645455935697276066619167
36551005576682693609980375460
1669122115204899668
61881564661243349060791287557
9447557712442609832080257493
2411633247318705877
49183591790103350230583330279
68486584772057396169370459866
105094578139646152
1823895721438817114491513922
44079847796746890977862960373
2512887850027000836
28099710800385657237515048944
36036970462982665043268470867
264597881226687764
21654905948079844880568936963
8099997028998585972708552416
1501875115696916474
5994266970420548022950527584
27833698925013157621699419869
2380207598442721561
49006672747242057298004794127
2268682978791986526194527581
807488925862319981
47763291725894884471081167829
8033797594312899992969287496
1660986532571512584
62987641538260505090102294470
16596877721648785022010097163
1502515979954711176
39440562823006353160230739191
15546376183297213311974382153
1719381879005043726
50784765735043421814340737741
57015773939189556106873620770
781163678666464805
59263923476809769611950750115
31430504163075624036059119789
1113111254316091617
17866007473765852598048421229
62119650107340987833060515122
328620452024627863
16025597456302045108959024654
69624487748069116357341671150
931896074948523284
23612466981097038155889715799
55136247308938407126921584416
3341125437395672328
3375187181861520921905684439
49010674963261384392105120790
138133437955988516
33562758242787159764592756374
29164271654564889083221799233
1204095253680847551
34304446147345564171261448289
56452148532775171411099922964
2655731696309757100
33257271511188856140211085354
53188352140611372705582353624
2109605742428097303
14119364841783258064864731857
7231848746053881958481561205
262460603166980290
26447865483297674997134690688
69792922139626286112908981515
1456888150188726035
78266202030746401941747244798
74879154793584297748505862958
3206413609923775876
44681092587979217705738446648
14408038457642174150909155720
2244225701785780803
6358467470695650244919907660
16768820113481442162950397489
7272238257962274
6823693828835394739164830010
48432643283978666713700798732
3116508422803761175
76268695091914388792767334574
73025957250041880190522020320
1421775252263692542
1981624532421045865530893648
16346859486740573802829572426
1522412295331349995
38702023436517760547000429333
12467706406131487425064646742
998004524070816029
50953338866615588668721784295
25373022090356454395851788042
3248577414317418386
41708265233018941557029908414
662058484448029707246933535
541301222821981859
64852881071955067008116781898
37857446947802132509846134550
2483890101401384371
65580844078555666270032263741
10699720776367275368351905177
62110015700899909
5980131633914742651267085951
61468930449163697916039387456
2690012943149916959
71913407724593868515680661305
10315379122259303012675911395
391283270076694744
52964393243222399381597761149
3201650570850229679454811037
2851803186567994103
15524183139879776671205285825
28170368655970185271038050126
2985343536064979468
4211496536896189017522663167
79084201463041143713592661942
1828257878228235141
44203297345347627727307162085
24993413401896333473129687762
3298027756103107740
7417711631532772156716951711
24549028889907371688758449561
2971835040634692356
27930243459032658930247831621
20377023524383920334715067692
2189513546021082680
58987038808487736154862591835
50511506344268471209455954546
2486381642457331446
4867150319798440697624605479
12986933828992906336931461094
2874553782992015642
38670973444396724565540682681
71915646629304016168440010904
930250746563640435
45349515354088627068885017049
28167863131355030625981595213
1726504388336081748
54691601221960202456566144207
49864476151988459818899323299
762177688578449982
59347415728292888173515320735
35449604298458944652310177456
180997645710591655
24042388319413593233576313473
78611431806345741228607997209
3179784900402290012
7510746056719692737183223092
37342021824039571240976299202
713541616251620289
40513068930578538915152730301
41710377257477404093999680769
3074841610469671673
2421678482783331109955767090
77024550141536436934400429087
23390202203553820
43127598243095563866541333227
4492708515217723433964816321
2083825410992454110
49853339538419623314729433708
75635980172104495242638130650
2253936405096587669
16391462441706747502066730012
41375361707394032237983117131
1214548291303593577
9935614148424591336471260798
74003877339891567665571236820
1964122431884238822
24515792741374048246782237754
61976030523936507399472612728
1379498089829974024
26406789035839717363896846390
28731743483610651735443783763
645202033056936556
31596852397254301825816006245
42382340560313137853927859610
1033044859593246316
66118355917695960579830421509
65134036019452848958035645151
2709003387970450525
16389866342970640389671172087
49814359005753004280293514561
455192517801554179
77265622447334156330325208767
6023111977554804549952846690
1297632571896871231
22300268485788925488463213835
53120850492027654764600133126
2610800534218499833
54840774615803168216877312523
33312578733822950219865150452
382639881777354933
36894467288476028139299001750
50697530332963988660507851647
2859987068541949360
3323164834750841109119921868
40853056202468534247383056934
2695774912638751442
60193145357922800622687022618
29720251512747812297756991084
2021068622448997360
45414254574059156483697638114
29164637108592805651031815147
2264084719982914997
75654756422466609288186036229
62189073174678672544823379240
3369006395805253870
34395666378292565458979477164
16050004957958032832171512085
1067715758039113010
39287947652841126882305502216
32529796834146790285448301
154199305747018841
29099309179276882080106762063
24320515221296863559468108528
683475658941009481
69188444828681544554286160740
8624772781495116364199199176
1284120754961148512
33853888628779668213461577371
17965778951323339340112097812
2738340916096220616
67340281174634150969369864599
10984192026055659235843547468
2973515399356741684
55874309556340777214735615971
21406929672293320790939978976
1163482222106919007
17466927339973109524228992591
65873697931361719434741301095
223644431832713064
52342894951432153767272336252
27954919003263910110296942430
596445155910756621
41656699590357550194883733907
45357225725204463749012115624
1339894508818672411
51307916015688738781572847400
35144308229220368770897849529
2891551169665739748
61325733066606471203747220183
33046793682818338709295760861
410001507104142208
28279152715129978696983584939
48667678749754514443657411098
337341964829976455
5926267435118223852102710990
14586153898977196286419054950
910576091415176299
63401766097282727988340538250
59925793655038828174512849184
2199833652951587817
15021341566006344746584216603
17054753001426358023151270061
861156789521705490
47034522106288969176547257776
30068529721700048725439273890
2214563730764756068
60006561294435922824084405100
16245758828518245629870753584
1330225191086268662
57884290831381745701754415635
4589114688391520419429299773
3240842583166053420
76240028495655057504493672149
69242396764714192868980630147
1586233689644750890
842726905936680087519462081
13895914480552761559927850656
3290519795732972556
55034203869566482999189665254
21255535034561475346418971180
1945540452001603407
14089056078346657989841228366
4409864021197370991689265088
415379415854781395
29222089003325539343982753659
41385891507322566150342232663
3298231671903880146
37880381982735204202663211091
31974815183474604016482567053
28826153484071759
39894985421471825358858372153
6356313020056201964365378359
2343249886587730121
41830078773666925342774190358
58226733071461310435413243299
1019534406275702915
69591720422352643852768530631
32546364979250630603906703492
307492628605691626
58200080594011218088718604501
31352693488910910823348964315
2956549823750436730
53989562602770096940165961328
33626977505871546553184239640
3203320806565996929
14774523618847958909351127312
63637925517624922679876134666
3010535162488522052
46040211752795012847270571483
43894333191849306794654858266
73190638050543395
21006795980372461068721451212
56392733658739259781620507864
1473917308159508023
42243333872956875736618800054
78390921001650968265676432941
78743241299964876
6116668316193188762319901846
37450106341759537611508667594
2891503179971406483
45739049054303250649987417876
15970891060602979236759455998
2430302259113871743
2696099778069325933565850382
57945193836283395148557568228
1759415646703425833
5546284749685877658320472703
74034947734215119523064664300
1692965221719663923
78047456768803256411855767534
48826695101145053277783170739
647296118239438228
27827659216198592095624452887
50115148044070660928568661010
2247350194973686811
16618231785737835619528655040
53972174873354269239189716012
1924314944569602854
36941750864579041333144598468
31595145612815508413256201363
3476627274927973178
40530654223677719801312399766
73975760353785222816656114918
3268867702762508601
1997966930169772736659763547
15373414094240169592455620929
3129696688334882172
40112007596430146490485296393
51092936753432227624107171718
1918434060016501867
40389837565575592036764356563
21044466688987001459714095396
2108948959918509111
15131903562876816702967975966
28497641574437913280413818080
1692405650056899153
60553954286662575799593206803
10696991635236696877732559788
3374321023875518252
2673355846570854064906938359
30523879200093115651870689475
1132613635638837113
15901840197809292078454319988
15332969673785563226876987551
6032807267218822
58438982438762216013600965430
45486703456373778267845744420
2016122110683898316
73462645796002473560251180670
16308255836323895577933201277
1469808190014206433
52394269035758589043593836870
61485060576292886889823465091
392296982596042165
27905418304950026632004218950
5687603199319632711146029025
2047750645837562059
72228372458661282989641795107
8909592165351204724400216709
2578158134035415023
76412214244904809538802181607
38335807630141651067555816890
2139328664727615157
532476978323279091567396625
35471057638869525414889537174
3343256646005643237
516562940179691315282419466
22234504481383127058738154031
1132081272714369796
10317521540361115242323382753
1350522011386872414601039488
404334093348691283
72490738035818997690815073081
75385263159756453021843715313
2240240295886738108
40005667464844095855852859641
35028526307780446163858023556
3381669466842198435
31072055072185409920733193259
9437251202355527971505376963
735889855262885339
35751620103824894173730299354
29545155306991894363327814580
1430180909530919044
73330626387124870713158369512
9643566558340934626795015715
2195843622846069037
48316804251939861307948595458
13988352153456986063910034943
2704831277801140547
14993040073300763879557311765
66777282390973757084196082216
146933442933623351
9453592022652190620228594394
28748433076652777299068963887
3340286275156436839
77279272924323713408354101145
5765716886990782089174536633
2192862816741732777
71759129860159329994079206967
6868125849596629142532901888
86798775498659465
73814827398498277290734846750
70539918324989116971752972250
975833358053461248
190
35327709015125150472556669568
54358042110943846464061374064
423982556787070983
38455222233874788705756126345
17888709738141985509412142258
3153107088691258100
4290449323025858746908414384
70814571584236717495889576859
1045429179104650335
9360211170392293051218779125
33455393976665125850279146599
193139375152415701
34682057124745184195324002767
31120093431364502720018480837
2684860381361176145
45846511022122428967937270595
9538133357719968717275598613
775842898769061396
69113454038487741300889732824
70329402806797841634720713743
635037770026943723
32687680118606009024685868667
21287119082845953145273898591
2192305023878394006
38834464066025693249918199040
49249861025954053933210768582
1355410915084859365
50804701860023651283086846871
29969889219347847620062773272
1047155767224797506
52503243113106705808575335556
21403699369679645655292687320
2338588478076273758
74268135560856738704118603409
2296513064290136333425570296
2229056040377437630
70620996929144814831189353250
47599199851841429143250220100
2319700317832886154
78213436753079650642633113195
38080134660115471937555530385
419907998315822656
57104738693743388042904192047
77208837200449993600120309284
1185174141837614532
18827912788397329141010621809
27332157544509454654259481655
2214931526540560521
51745835447322656378625856756
18360759897421799733722546323
2118376008633005189
6886161075826035909634784004
11872173731615873285046467548
2447607851249777367
14708470407632811339172235464
39434441388193180834856378308
3115314926478315159
59637076267965199820496812896
53232198953828212826608648403
732451193061810107
59029460032357393257985797026
23760391519926990257956067163
2699881418380576372
18568318231302051068732344285
47616186719701457002839694117
1557451357504400429
73491111069989720628264662808
771706619318418313424041983
2411417378551146280
11795039042602445680525937532
54764483521733246983357352553
1261998664047949772
55166349196964000696879958509
50078904678857168806513679806
986615838464623439
2429287488426930831043345109
42984027533739339168056807541
246457291807997544
38511965306490149835017656403
42749063915669386199148010788
3043016996545601757
13466681845194883479443531958
13007892824700283291129793885
3030605184281825846
529914742945894449847578325
48328503531402540213472681366
4387810843823591
7977508374589037529503534765
17121989177386997045401168169
1290020051708259102
41323643462718744102893781511
41863386483237721646417131602
2060158100284489709
52421454845350671805559551787
8413479607889946018395462027
308566314932685949
72258945373959118599238537878
1497159583338034001020430308
2292891842725528553
63499376591445270521360765787
9761295006761155654732185162
2127149635837187752
36882203558626241230652920159
73957987599443002605637367121
405311001378231844
12031704979241937975527587569
43457211814208529880048146650
1330016766109159288
13525000505396215567553939862
45161462442277349360404472487
1826203342784749723
70018756970958699256501673023
23815647519515769864917030567
3229726062062595946
21457083904437655630774858811
17374475630206720338137451137
409870788716613480
72657387907724105093927190163
17545525868970425034955590935
3183109634692369510
36686459385708831284731620797
69906259417047084095154920899
1908298013583855503
56796107152289414030367254242
66424368148817570218619804157
808732678817095745
18159696970176783438392995339
74451001088678687470805897409
2718343725500049117
8293064808666580037728169784
63172939103408209764363298462
3058988455647514204
62948985693492192912993266947
38762480651409326040514788074
3412026770698652810
70304150108863534332666770443
56845027058835583011332100228
624708693081742269
66239370526089777818262828311
35343376616729989922001616898
1595056659191703979
31634680242731796362237243040
13024554768692118695414709354
2342625474056921880
23378023016921768988264615452
9054328922883562406933526459
512426636458062617
62235591239109251270447771377
14471204048236236025518410752
608051429858363108
70867451821096396131345769598
51629704639313914541932742587
2996678590673021413
20143787579793126004275253758
12708321902017371048201685358
1438349011770522035
73627029990914128016143259663
62746922502257892613464990584
3017588073291834285
76545197197461152711535223902
78026489935793262177848998140
1711729590237114592
75472347477605988647896721231
70255692098464349582842910562
4998217409654423
15358239028959443845298240717
8982151728128761006194585954
1878294165236293503
43494462116239870762315708303
27396290831824707119041276111
1664878896082126784
65196215005592494112028546048
70034700000723484838345985873
2159191106694994815
31949792786097535529061765795
41357097558052609678379846721
830612749548255429
8452785046165170639712713830
77487143845779506732692157548
2733516675874811914
18955683924833004285150480302
1149108854518087981094450579
2061044689778371917
73088404422999716650546973354
60097840094364239516719342726
3453394324098696156
19254651509093516580861409749
6039480738549285422794013527
2239232740203774899
19721320613291594981822149688
983813088566389794667786562
233472846020541327
50697699594534404049703866374
39949569781677536870463177027
1328907003972031390
72619287371276970850125256259
33675864879799869555829707859
2261363915822010825
27161296781867597983396048217
44557685923370013147667126724
1653838263543539429
43974703441699300596830216763
22417370220574879708272468350
1457230160812260613
43354276678067645037842189897
76490072910839976740452583215
3311770811373668061
48055571861208907493630960193
59209949163339336642591389727
346956874882044455
74702486382070669751189525039
12560207881292789290093839425
1651364494557740809
17205624882069837890678939270
75781585307258697753144045992
2200079675403327035
66190273190327639754822006619
73735192294890555899564167440
1503137582287090433
51721623908224078554150145789
77442041734886565310854633667
2815076212135512628
54121838114497103788383942269
37688219742453757491943446246
1048999510991277783
30030951401735933289400692838
10485503313962884813273782808
653531649627479146
5117993008148441937594381776
51768304140863985668182462556
1894647576663459705
52228296815154603548657278622
10527343092885821088613848908
379783991724457600
15218429139707344301418939107
5829411260130990456058699156
2607836973317696798
41756765616628664994722374692
77136417644193514129356883022
2381733559298174883
7464581022842860235822861412
73800060017288510625907299792
1617797147711425275
67566110327367404980189766708
21264705983387682966793022301
858284870373851786
69369255156818654176171232295
17006685702667590925631194255
999775817874771659
6272700395634428826001847255
59204648829103275742139990799
1647180454718502717
10825057943738780420269704969
1990116005369319553136936869
2205980443743303379
36317381404013207066854953583
73992979617728755146463616061
1049742957623264751
76643760885351109532431729416
74176301492972632291155036524
848291269282426679
76113030186867007828938569921
39561261370285910659385245554
2442724002504785560
15081293679402848297757878056
7103831071957889233636986368
250378455999678131
78415644452452879645665804745
55925452939865865029232647710
284135013648561774
25151267481304166002967857668
68988474496889103764497535632
2357383666581046721
68879535365613738947661288950
67455787582972580934650455437
1254358376428482377
14990118843252315888501127867
76631873592577528240231517737
3298962030818862563
42692181370642254323365904554
15038673962078830170035390277
886695906697100229
37006075552326024163496622538
67852052257895668243427971332
2993453118115505915
17500398896762662347225613368
34834657257914644766090346269
1517522882624182462
19712551736133175677258085448
36701593931036335377481404952
606561989747200459
39575383503561936305826162762
30940761122906012168285192280
348542553507148704
44585917532725464445096303635
79008228114767962126958176006
2962376295070113769
45713621803098739539278868930
22698030372232512852812906783
2746707799718706119
68367391574513289004298067490
76777437329612725774497523802
3146835866086412455
70760317533772283274271161243
14604049747140898839079489703
2818967346533093373
60850530530020404294774817314
25058243469420616706596643663
895397832213955963
22308232523300841056209608714
8432298068554172340109001263
1283144650528339166
76984914548847743602493972255
1407701149290027665115926630
2682041010104459428
8058397974978713428033937897
73534281878299302271286605108
3288299540974956178
6764472273686836998385741540
59914445386854305025287762455
2670754348482569204
10912642376763123893328294172
60310403792974396647053143053
824048906625184435
73742534445437851822647262488
57477146023120001480443676778
324489042796684875
68821639070447829091495655945
19947605004459013067874580941
1085325732873597303
64840552956333862166202598779
55215834602232293900656420042
1845310425676069978
45833555696085555999924594183
51060604087303393641479800058
1236264054780172538
32752128619480789928139292923
68569213238734488613468621096
2707077147949959832
10146248109594671036273099714
46975793351837224255928580387
1760522651778404108
9971408361135135553343015456
929561630184501550578430086
2380276775832971719
4997518335307574684606906943
39642807844545979142837480648
2009756668847305713
69627622621450055557219960530
48671623439126887736802521700
3456927353084009844
44721025973334762470781798982
42251515728084061293598169923
1404083281625861650
23362508355003557288823955994
54721163379321099868862345042
1623862816247038757
23108679151643265079313550254
55077577963076807199820067638
221136736020376936
38015746108938511038556112044
79080799418153814396434148890
1270248696552118197
14587632920553535143840355750
9734122006076931395375351505
1387715345581909465
32661901994447293682769195647
58966786911053589858701453308
1629353674922444454
15484521811364212226374447822
35352322245848361906430938091
1680799918260010142
32910885741301576643759429582
33888008607785565505305965029
3040981236029293111
70568851236139046881309441254
43641650173465914682191521585
2262790505641145946
29184617535616628606692460126
8542353040304330206748726514
41140588618043207
68222832122987866368691506715
71083832092633344923567196267
2671219059685654444
41036985318605795894821429349
63564531520557246007119213495
211503356604927709
44123447183747799925691432362
69906874397424167312402139825
282143964450881442
68583528428444897031806781734
64584235984365478471453687811
1562799714479260229
69341659038009822738200259108
49242256459087188049697682155
2395342428848298595
66740420828750529361018364690
70885260245518257425407757995
201825812179694292
52186506278985317422636240638
48941895288025704297246029363
518476936845484830
33339083826019779509337761372
64958909451047980555755644098
171590685472873958
8968421390757316168951660036
1492541660362117019095581458
2096318722860623416
60505974836998907205308216787
19912119056898352561944006570
1087894211152800215
24816205198136741440668748546
44714867514289724782104902147
1369502721241339699
59068295136440984742093703882
18341254535588941938202035568
292212467125829177
6499671869868900615687983410
64308215313141641990533550200
2259842656917175867
20249273727531578780149886882
50600339885727317425319547422
862495624729754087
12513248996102708936996398404
59295851151039763390651602979
301968004474468018
32121545467762294898407256975
50976384057188414686270726999
3485413697421735503
19628639442266460754195621004
59756913395544058572592654260
1843996091208956188
40737684743099489049135709521
75512497873737160749359644216
446657146831970190
18636613058766791825881844885
32998827737373223288891721907
1987875599916030533
70032234675303127109424394652
337957733163570405842822986
3005613339219301953
40651927671268037784405008542
59138456793878491054760201299
1855355632371948905
51701462884211445153642515796
36306523474241783965772574351
2056316076356507220
31298491361144047914190368496
75925843094859728053206586348
839363540817266373
10350790133180363686835944209
41049528563152188018063020026
1960606491005301137
43728057495666948625397047690
73849696136141778281102877998
2219563497205297271
23572731850143594422189218630
52880977883983398168377483073
3035747074071182817
10499669519665341729197695186
31963020502583192731814910881
2281518111262670011
48670225290021220870234811019
19040012330238453482568514861
2181711292474786057
14442218087300965927427258210
1820430150200597457990025276
1663722130126483311
43790398466403687000208468232
62535661975543049047143172707
3312319925447493382
53271250332422885528218003652
54252617296187839389855707550
1478241294685812577
65299836738124411002314852520
60208919246120709450039584081
2352298406695075958
58424957325622693977797252227
53675963740592117679639387272
610006214654135988
10847444520503365200556472121
37634800292288099406550125567
1360319264732947618
63668783447424388197997612622
45516964156561861358806363078
952524718795209147
64506395402376573055626885699
13452490543919582273997327381
84293943566776525
16989170705846845709850405623
53954743725282573651523497147
224972887009257003
35287823489779012513043180456
68615363221762625968034943579
2180672276586611787
25293639232320649914041890416
75001176000142731982749337894
2818153631395821606
20175955692325656643264378590
14679011294099509452659787979
3261095826243359078
76990452010572107383586476547
13748718430605773649020622774
1005200179077460341
20185224821688032573012573711
8830343716729123301841471485
1772385803455323720
47704692250132368016830003822
44884093448261370025320197785
2643615666777925449
12220085825719300037142019791
75841663531180597603762984485
393001120607210733
13396830672675478544235284592
49718867420429743863050295297
2363291322522774906
60013221736997537177156210663
17450706366270242746160383284
529511821453003268
6207093379848512797590953812
76331716122483585800909413293
1895091160296328454
59296694045303839007620928592
62463525676547633488123084976
1414060917263387765
37243864536835888256870672671
66151961352990364804219288807
2462382160815847704
51296802177133831857897749862
12402905505371121750913275916
239661147678452006
46945063406494986614966190484
18949062990835504221866522564
1317895454989047593
78000103054936215747993663453
39264615024500570284243695725
794889757800684112
56352204456511859418794229902
40841662176815885337009654225
676181835937271094
59986393188193324337321167221
52345184253146605249430136008
23112078728171744
4359031178654358407095060518
58289189678232015274399707117
348078136230115138
42035427914897226902655506961
78488969852174131780746030590
1232587143449933775
15846432249673527706850563536
66045865554617810383404494156
1697913701129928841
55432826354387230310883336531
21708644676040468968992469278
1190133871930226990
17308185681562323657399482803
50735699689937215816429728755
2948495588210314044
63646250284571550423292176801
19705073083221680458577720584
1810335399996796810
39952479105716061895017480113
37319293536506163458744492980
2829224331928047722
48008940605301910138736778615
29585769732805846331701761356
21794206655272771
31799067140410675772625227032
39964591217784806713194571169
2408617440976044940
1692219034938124833802182965868498611238505325312100237070260348138890382997
48
2178698585538019885575271975
54675431295461198444533532768
694940056461361346
0
9548834503768160345678211613
74178820287299564046169131586
899688274260757166
0
1737522344855946346
6379687529059180455
340282366920938463465062396434212281780
340282366920938463469023316663242398612
11001271395605310301037301453
12769596626309215229493248468
2180215082225376933
0
52458055990768425861441718185
58536779312429203474137441492
2260136310173478207
0
9241083224257478489
5435786780141038695
8148014832821188792
5308314506300276354
63042410942195815403847423228
17580599028188522814084099721
2409376491405072804
0
29809999612935510321047243796
35013563889252746358126331587
721019800017693848
0
4593381517902818828
340282366920938463465979751193918078934
2266408974783335913
340282366920938463465596079290098154825
57247528643528146119524143084
4087106390743086766042199530
2335030841820012575
0
45340610521691596179593252074
12198275971647541259630362068
2937007358280784588
0
4593381517902818828
340282366920938463465979751193918078934
2266408974783335913
340282366920938463465596079290098154825
