8183714340338467969991061515
70106142366616203692955380095
1337940164830196924
0
4486584259868444385251144100
29527125962412252050921877824
3070949660981828283
0
58228982101502134327192314214
59399580244120142689450994488
723488799191834747
0
64402603941922956538299840502
5502325468044803472225963
2339856907380933332
0
34507192660202737601213721082
63334559401768831106744477914
2834064331548397388
0
24717400883682206427317938903
71719137658661965495065755024
863385689238924396
0
17104891407638648624901115444
57323605573360692764257742907
822268026984121733
0
7864432429701630570539829499
39614427924202953224551905881
1995724238795808477
0
4
82435080784153385081019247899568003052
5630109397661729671177105815544034120
289288212558629773097953817991824759911
10164693217354394058424958685289826059
162359582335616399167755911176944328733
7579888978427531317995318246358936
187395061386428077701745798626403488322
1122572147734223686220638415163386341
65167712725181722178567048608
72016444387164157798344263579
71875760845628206
18674743699886384942958975659
32832187326372474018087522812
1532786604695847309
21459353438846679476318142930
28559532330153200591006946997
52270630561658758
35375063908946579119816808706
26510721162679388938343997189
2418076612318933408
28141438508652876072975784066
74810381198552779155639780372
486851187365987490
35868111594174371637102678753
25825310136757977328807674529
263579043894381936
26254523104773008015272712779
55411622008862186353903967663
3075488956049335689
23348729043829983040999570100
52018111319428770336881055920
30326606518951139
27399720080607692860358996709
59557135870471692559819261927
2612915839492959800
49240595553380257009922413882
38370679594821456280474469467
1877412729973091812
69756647936620278452053924247
53779432238895385953410028475
2835593075093585499
78350005241078685790186076905
72924676977898712276747858897
513102310545287190
29023997364688380320300557982
36330632943140652143057221201
479803505558949715
33429032515781697948702517755
19063682422969915618316866319
272565773196360433
75381685434174984277165802369
17436466639850916279404029924
669015373687058737
39091907999199410376242054052
62233004225832340523476624627
518068163157796651
59217078119494994572519833610
1629337044361614473411749209
1817905399950248851
49892361724947847710595186886
14072642124433115715322996201
2752261689340976266
21393247190287808387701339216
49347454396639522709128190395
679300367130540955
17214816261083028808865686221
15211756256996645466389052702
2049444795586322407
50337037774454990969471409899
304573784046660132806564294
1236129616808986427
59440468634517969077534799010
71226373234217468142999972672
1158426890616827204
10585877838001010647122326584
36910251023216987619633724587
61512661357428186
23085958001553369409537105821
5014934063206243477406099231
3239629826059817886
1
0
0
0
0
0
0
0
0
0
0
0
0
0
0
0
0
0
34
61744895583006357035025901239
1644390102486478857723832902
1471840953567227235
54094592357371908767368098514
53018309269086244839261669147
994635893991375009
66956693153682524320784214494
4215924572742376885037908836
2488303579929093717
45750744066802615260252870705
71865738621453798384107559503
1822949867954071343
21746294068460602922615103719
68078950282639679995009062373
1921783261825144570
44460842955490614192820482082
51701257156754079604875454994
2917607102606761013
67804386861463893783770616438
40911848241046728130222517791
756906675721650447
78238330658421768776751308796
73371349833160423183243882886
853618718917312176
59995052301724639817718187898
54887007935893493683813872248
1599911154808416491
68386626081326589445656623569
30653946093236581231974587678
921288351132965577
23493345417595692134386422047
9266831024673705458645279410
546320941238771059
37956653873215286469967468957
38625414588954976526512427043
1794284578839578433
71562752385627137826499232468
4488631351535725066185153121
1942239442380672157
3181251928938302182799790183
57107122773120134209146984175
1883573729868116619
37750256045911436114197561034
33701275879951999983168494771
3185736466895421906
48665284784766886292667367278
6004268633528738725539287683
404830692346753785
41175202972629243715894076211
23422074727161559138585875478
2717760393020207500
1087369755308505646091073510
7633113717405630512025974724
1805754860864716720
47383647453235733635943161116
49050133774153736275197227234
2128049135010395945
9025113152205366902933370335
68800088022787234156247934588
353174701250193174
73932099873730563106326402298
25085648187630976555539087704
2577637398857716253
79012569408454044905951044602
50680811007035309033145215966
2136840669812156610
45146505331993763202136310771
6026983166354402929481602435
1371751105811484451
42224350068438560774365119835
34733645854269149715235933492
1057318396927844852
68946722169881725485631711195
15403330553084198255083033724
2506309266312850244
72564184973006579901944374751
34407067532595964911489610693
215889628261116997
45338151893379452992085788576
3430572239858137207089029619
1125898623979749053
65445432508849968185515670018
64881891789100553979541942216
2898968886535491458
20106741036977002812190579065
7928739831457023273091210480
3311099581778369527
54039604851165495755378358536
30862780151014732231895848560
2557713713901885429
78996536691555738321754966349
1018387011402700067801885749
933694100010179251
25644174187480731684569950392
19638212602266622832123241543
2262315763097278969
13410834429092915406693173019
13141368125445613325525268947
1458908018489544634
55997993264279723251929780377
31893588601587269296004671514
605440201964734566
53297386476052288362350988080
35386073526128223364403893549
1013020903682732721
32488351292425736951974561194
35649492378696281142957366479
1936081770763663182
18621805838729372534328559658
72617904643665079640167423962
1617397726630922345
39817955730580721351291929761
58676739469614639639522384391
1122531600917497630
47548620682241450523830304854
2610906564374930035108251006
2236828751704066648
24124192154673899186420138823
29529698095773494979379824945
3143626376163437936
57704570008641676110084850233
2189698124869210416091735565
3029712485602413846
37064096069978815323192008457
16716324451381161511440074054
1307216522703773106
51322249609638180137068506486
68606616453716905753265117622
1843330557979297396
32973267867327565024587318709
56325514000950727075163502707
1770478632908047624
34939076111298997890590485242
21517866146088057767996593542
864521515489136428
61597609502210026726451494524
41276465497404986847606908578
7270594970777346
58602720068012634905526308025
50457507734543585749090824638
1644291854697784007
41067502737802005542598347578
33922520783032249718588203182
3167320893397738938
40900270514735664796814007388
8020017571295201070115671866
2301000342126952562
39313427271066518303885965905
15678120350164342018545962927
132290684488634233
16979962841650056845910555307
20280475852642174145473390731
1282022240284945948
43222447526870656861210624298
75433513960485168188560812781
753406758633167696
52591430778058259767968838512
8582096602903991864691034993
870674893611892683
9376164524086062572071657725
43468455067508048501178176806
2004651405338370896
57676492552747799784167890968
52324654438611506456027807933
2231135948029668219
14348580757292342225374422685
65150147043870499870913107117
2201300337407407880
48255087727507296028670184866
31344566651134616928339511636
2922658131485579062
20487197717132940499391689029
18125495653778047769909792312
2233735803126983485
1443985064335149658783633232
20026364830434073444495520352
2661637229989755177
57605354661862234948616454297
75683554222165706731591274179
24683755810380686
73261890511908814660551133986
38003739230760552583928248509
3459723873571644952
63104609606630922498055438997
23151355518157150111961002888
3169569603297069973
7085239696679295736310899328
56145861520274091311439701625
2722180783446330481
14558777278822611964261138482
11791722454535909673926492890
3346998479900535261
3474099463856011569422582619
71837531175785889586060928497
1060585158536642426
64471615564726927980580753813
68599874912506074399457675314
457647770414150891
55507011005526499952939076196
14690255151802835000429425821
2445996296782206708
1372019410942786409375839652
69485999454447543943152640366
1748866083273490672
28031489371471511405136011889
5609960968640845454571058817
1725421005662613967
48892167349933852300716674306
54858938401135102657966048638
3078698108906269071
75907050518535734813073973020
37029575396263507951109490100
2947903349369927134
59378072875124892166788309982
42072722684575989237245823170
416799173039037573
53123827764826634339980822782
66271859247384836375665384216
1101910882346438853
10335219473194963102819533813
74324731068375281558182816722
2253152078279863763
17373771648331626545190277493
12404018818080748496776458321
2805784953602460878
72495728080408212427143119592
16010130467407384660328399673
1220607377174517419
68815223184997188165905948959
54621941943400215218836511621
2803511662309577667
25265826017337586582729594362
61292099889163008698228323101
7247812380012200
72008335116121051398454480588
48760956300144728834669006899
3286887577453108167
73991184539295898152259465816
4299524575174780483642230355
3019147741840059039
32510281391434353887664839162
31019756758813741057469071327
3193544698310691162
13613436219716207769971391134
72114773272359623947967293260
2117764244402341913
76304902672573361359045871699
11524987472642890385589066490
1601792876555632788
9599919438665651988142942669
51854420501052808812298227762
3057808090103973726
17757302319097687201281713328
7563371734423420207743994741
997747030846580839
19965664302412358548004288767
59470839969021862103915856847
740543641138034145
1884566204649739930675511608
6823794224778532565658541419
1172058344205067050
9822928714625482424757547523
49100580576053612366141002047
1277686826162760796
33770340054069571846049379098
5536125095789314075535144718
2742741610720490532
32214329745537782115550140573
456297057745964360054359989
3459728891233590182
73237946038210460621791161985
21206188685769028130386299622
109354907932352642
62339517320113009831030341542
64866849558226186151204768927
2529002203842426563
44685702463617491221838285654
24460643717153772245468075448
3458998791155189867
27788057070676030722200579104
6793649279245285715078060652
396937096476957854
44166892911193024058269022526
68483779185754435943060892592
2332418118383718616
1291014926079936703855003548
15724207836404784655722148442
2533128776051399987
71171268215677846561699307572
58964006315995032858366802866
1744313428612375112
6224032889642972852450714564
7041837990156817109828327142
2019646049272019589
16370611920784102026232388734
36238378265726083808206446591
2012327574111832822
47202094029179626553425211845
78781030434254243137230023953
1154819525302559927
57153338018292585058759892468
58944157575671873484723437971
258400331376154301
75560338390692562866588096484
72591401219204411167904837454
2936292991545001004
37257304602671646190983547467
22436875155602591872540969250
1640669481104842791
48602822189798971212288216205
12556675958217658087856840721
1176892522597413362
58608290049269304740742001038
53825315456904588234875414636
2885570728077762107
19650002138035092623033312080
22897481441991919185958002827
258812214961051086
71843086822046883179116232239
51423880922703547818438886578
2636617694548857259
16915061340355564596146558329
42316445549963332705751865549
2615035880794877139
27620277095372543629767238256
71912116689776703127495493900
119031539377034549
38125391845705643022523589688
77031822253487467314382035912
1995333498799116007
35695156016762238411747366420
41931264333826544913424787511
2672572396368666819
16715014856532218202475806483
71204959334401739531740807573
1849137304458498490
59658629416088952578302087965
73725378963263674716237387183
578567517344560292
40319623589933963280448243201
35684028016600163552171957697
3243522105045179354
66835685129146462917271080050
70356850005254945264094569516
3253430105337082462
61885374148974191845868920779
42456294080480722860788328808
1805517984585682670
64562846805474306255109962801
6961816209826274085553218140
2753570567583480492
35852709218385666187537926208
22851594417158139042303059383
3446745747441378640
74469424713282975006091954536
5908226799318115712094611041
505537825351394515
58741870450062004217788973626
56035723367088062982849032058
2481085621828223987
8956296684869198952392225395
7683577247857100783554618680
3056054253618997325
65611091399302104040834915472
61387331667701376526713114323
3385421399742527614
73751649461669678676948127561
64206529833310264200427005023
3283962859705737333
23796813221956916616385414967
56392011263832262145611390866
933409579849329911
73554700487969902605105851214
31130222329324398124682740578
1029625558025735639
49085736729825601723679508074
30394440970642829536120205789
3026382915583423859
57791596028960242450882699123
33472240829558726936175333342
974853126727137835
27761842924677483126041642446
34276488051341478626204128578
221706396721413598
23889293632642045978224588764
19305052084538839931421419458
1394967038238247520
30987880732656935810004188007
17272390479525257373803741443
214541785669877596
37080597347842300785936895312
15955047459169391183147465581
1944909887852349485
27201416894248235263825864007
74189080703427498604139447863
438862978452413017
78513770766401492031265355361
43533726633536388462927430340
100907816254678384
32441931263321992245894546638
940229740948034094844736332
25760023401301381
46482055220688983315468358327
74528770707397706045968983710
514733656254042505
19072741224025957304016290872
20900380189912628930858520496
2800941552520949422
65530008676803239135108516357
51014081777564709116202766231
1372326242756123603
48417302567916368911359024950
21930762266167385371936563752
1589278614569683815
17138638916135055871212816744
1210965835189380742328462497
2121790645496324213
19156957590221614380271071326
57161233348124815672372227476
1331350321517141535
1278919981779510983025231125
67627234751909945187731159774
3146417191991693966
33006830079171904277295680348
39614817556587785760791794118
1628307634021629774
72557974111017001181570178417
38399752807314218675162266759
2592775877224910198
51805145742983065244622841107
3348352455027134153509676160
1343634961098736015
62251251394522976020738416356
62100067128016866874704525221
2877270983424637312
77677887532752348144601222406
48003998589220259228307844303
3109801752543020031
46143175819186535379585353948
50429492444230951827361794879
3191601487681250932
29875076935023675707642337792
64314314979508886405687279027
2593613669260030664
35367110077558980741607861325
37676321371375014769633204682
781709979783005613
42799974578662598399022323929
1172178420913982948799952885
2006114554360376977
28053388253375920907776069292
25937667308463608777113315187
2700410242105171542
6263686282462005404315791890
57326230467545238307888789049
3406750426394178088
66911939821386567728024492867
61109277627434500762535574403
1858607840190321589
15934004363593164733925231473
49713482682627959240103120334
1585789311144568164
11458700675458228940662083768
57424356770302699783148514522
550917914831125564
55512072252831527432998464705
64041896910826274974595421222
381668833977883445
78015907123078854322587955132
43493652118224223814561498081
805390324997201539
76871593261446611627384055688
58161929224005352311848984066
2218391333022268519
3026889163821141817627540764
79003964824854305675790349279
441548217711233007
46293787675668938419482367496
22908209190766665228227802443
915572388597387101
15207920216301862897311189476
46242935791916729335352390512
2079896014311699547
69710607273419678468418051074
74557119647704242022969331094
246084020991664458
66929602811379032965530140525
59122115290261347957810037774
2276089004865487297
17775182634462696065838869789
271067611718190958453916431
2912531205269450987
53865107682170269623509454878
54325723706505615499335747133
935868604083837665
61937231942715548904350894607
9965221842172807202081622301
2592458804080570728
27028500374505533821453701460
26674388243453481625726352759
2671141269062247331
39642808295219795309118516255
71174231533329628048126902384
1750689372400273316
22248292650695554197671448941
24647588121864598354281549673
596613083370412575
17519637080305458743183008030
17882209244222330839558989809
3202033717340614225
50179782647622098646501090150
19969189883685816765705659474
2724139191852330289
55566017617236398943598746696
1674205330473546008388336720
1588032210989426377
3132028360349845359486882982
20282308261985173219537054594
1841016619475122951
56998612761874324230101519011
54971053419615177444062287008
2694518371332472216
16083243737929620463518108848
53798301845172698225850664829
3022725092031400449
1871113898309855648697329569
63924470807196587693798614228
443077920795534030
78856493936372094804148535903
61996349789851398064311889785
3201826370357698674
40657166849770106033226728155
79012126319433121824847819269
2415531146621940031
54613734797869346712448587448
40568849718918659535631257953
706915747395890832
78395321467858428628483515871
41852705012663101232666892089
490676563607107561
54843133165908351188206867372
45477281715903828885634788838
838030957776936688
3160143680206878287935173033
31946103983315984467995998238
1401244745795361647
33700482125507342019104720693
4561645952826851248418263097
3199438377416934809
52650795186602763049201008288
42568053472437934949959362956
2040932994902815789
11006213666476584021060420437
15782137337056534327336021014
2699836484070027200
15499598596525189279121906581
77244052511631766410729525482
2937851434551942564
26781963856433529611456054838
3445873707669959078918012955
288169169358575639
23360035555790033147966159738
56769103425067651994930564532
2542487602976858875
55767906275794974328542653191
73570314397876681494010396980
3380369434070932198
31422668951222352771285598545
53662670351234985918303145198
768477012226947157
40870473667444272028968650673
61530072981786785554063856707
1105526021445725465
79024318504916610761259569116
11839731449157672000526224623
305054242363550835
11401228275697974730102660609
27735729084091236979753144749
1407868640817950678
51421457604171225181102236255
23788675383902189036150479973
2119767145352043789
13914937145866067479552934430
69265236489991913134462598179
3168431618056640821
58718490424061998859799981869
51468793368667021207534696316
2675645663575800926
65130711532941792381431119117
34164205280947330451052394665
350630502047304530
27664210684278918121895571283
66279898806174164302584261727
938234346728456872
67808907639914867669545459788
34072777004538978574651523784
973405550398267415
53190168526707031137800586418
54704966069282051129983104875
860181474248012927
76504369283172143700789265799
69912291866898118652727010904
2796160836632640027
15820445427430285666063709572
25427234865729731490978489716
2153677299844688644
13548660767015138898195748496
18355347466599463403961032848
1034997297081853058
43709526755796256546808690270
69536817959506836904199432819
977417299113493300
40438487527125017802838984260
32512378088859267322219807533
2467357533585166349
50923631197745795101456495475
39228859291066602991226395753
2788352003206913773
8944099628741184730918308552
61384752579192549090276149702
2633278800934915022
45466527348742569908648761419
24971897088120387558876678772
2114838947442507486
63263037940935998204234051535
43599877741052212153838235781
616563548180954512
56756414313715974043975044010
30674715927149139504471416915
955231038049178602
15164944566366763631989835436
34861887509824523299212777808
2049369130749243102
8647326969246461614670317267
66403911724100269172750144750
2119106050115265477
34806203121021623993284846052
32106192879160458577168051473
2173603414623155973
56551110027177439109605018151
64115649424251656493298361072
2378199014759924658
1511362601394458361619302526
48811491779835279314673419970
3120618680261862198
77980620576942092807157561754
39226955838915984950255950806
1018630572632916802
57718918358511114629663182990
32444046961415479085570517646
1166859752868146292
27082569933442956420189387156
23618921198071212884274043405
2738736035410111546
30063830409330214054622212535
64362071782626888644727439676
3102381883233047161
473344728677123192715836833
7056144367698802664200961348
828920666963165905
19664529590469759677011947594
24388032872205290289711131397
3022185772145514986
13525385960174564626125423871
29354515284845875411572592905
1762086454268503287
1303920401552396704565735455
41695433681715347734355938738
2161144874518450532
55441942306074571994916122597
34198509203787107498760516500
411934003792016930
63615340179285930872874043651
3370629842708138650352456464
2462554730403425896
67708807968948659774428028381
51316378806282600915011404829
1352509839776329989
6518403124359429228190461606
28449584862254322858534573123
1589636701516616600
51391470437042326868642252745
60116174702765665019521329353
51352456455963927
78933077163775242089859255637
30641877923194607453053030706
1764530324703191079
75857203249172961531906189977
40475395210915776061326824258
1268284041431944569
73932731941535223788417690649
26612509632338815755080748443
2496025072371899876
17511439906011058228874134619
21913959251578689796680177147
1141767006215499980
51635950757449418195052063421
23376506552800837088132149069
1662283377032729325
74531271730592908647959514067
60064574473486188050468474263
2615825605234894643
33008193026443871655424280279
995003684158964315632422105
2034610657037738490
16870182608022697164173114390
38049148608637738191812156757
2641711976866474739
10658306483453559241244509091
47289260082099048146306521087
1695896880737885376
16499826462550839999733329998
48963840116575551854752652557
2141662077466776208
49488042373806871289479216283
30299302756748358543475323731
3244533257601167015
30030646842064673386737403536
42105830648702803453292624254
699339269974349818
62852046110822495190662101120
4194389482950197290694787420
903231050907835856
18974257370244067158339160116
7558320777697495442146044409
2342160786775609406
55960177321490758652308466337
35111637841886472605153055506
3268674687073300998
1747451861499498826914442340
13935727016623757651120228835
1983564868291225553
62930588073562371540305743643
33069728862421871884912535645
2107964115138529612
10892390042065510542194055719
12510774829556182850292318130
891076544170434890
27671063354915159203849231446
29240313139377371612838117296
3386323701973574087
73512247851072311546348860311
50388974455452502098956774037
990022738885827152
73886864769839681963479509080
20100718918949443493233384791
2189972535580208452
74327365217167840718673706098
14503904975229135627995853208
1584893659817458057
54798121162578938947725144814
57111378990850092517836538920
1838115519957409329
73601939384425335218260774470
58149921021574285294716511773
1994493520010991058
45382749274514217429060354020
49579220950468039318333444539
1057426144059368946
6026950623317601556189203612
16060018412265491192006011416
488243714662947699
50567975051314689084941198178
13941742322131879943957488151
2361474717939510657
3017468879819651229698495274
39714599210829719049433765487
1311246608654667689
37127920223284566090310723174
45070431066188780183189239596
3243766175644874745
35904606772994410369924224204
65187150007786014532612726187
3062911809845812218
32341747839093265319855774990
43467096356982416645205464201
35140605472507875
69547827080336548117115435887
42657068068533001385218835462
675021352155671703
43763792788082962071115982275
32757043864558580339700425219
1423850077080566333
44497885490711589661367910437
40480381382688096259368088000
258213470861713230
2802991139029284370333950909
293424539846482203747862495
568814600704194614
59009330669751906608025900405
42025549373764896051230569313
1306466029267593668
71303266548396231741920379852
18261084991579500512671112376
750611631542857762
15467411954169843618545157844
49765972130995223450027231828
496972284971527683
43012012750928574236526578744
8753474540470404585161041031
2160792572244724631
23969941451218067869574696697
16376622303431110595907757592
1222754896053843318
52139677025950235302716487687
9623831424604999887575177774
66034258475845591
77647173387985613989009801118
58288771235591144306674545129
2304561599011473237
15955323377761892037950719741
20833749685816818291762098209
1028124024258575449
66354342205158504042054194433
47097168400270188288947484826
532019133715724095
35739509055555118039162552939
14406550580653241869591041764
1088024035236239216
25541563974185326249006361607
59526356832037023282659055828
11613169499899156
10708335433617653118219907697
63227830622639991810046972249
1192244208044333322
10249277888536733218885915892
22905160177882545392523296072
3064991293933619208
42370963429646364450374247669
36362889482644192194592108205
3457338476676884046
57764696502590842626720917890
49056225884404905831107832475
1442284909711829419
40136727003991954002795405252
31928135279958441352570159425
1547021074488517297
48607423732175266687742201591
9699142478802222395900400850
2547714062501975869
45382630271682765005952772269
77285378197487317970739831221
3325655040136747613
16321778432766650190034977969
69354208708026850337364252530
930471185903029026
77932776405232565684537342518
8572765177045373430805288556
397185543804400996
47754806865909069320653366846
30163460079413459084591484987
2579655312097674947
73020731070492496229338652802
38392442951675268402490661413
3231840696410931356
42122083172046669373590626173
8297040122681318299588011732
255499314147965817
53808033312183142200270897881
36066072303712553767264369737
985626524162303136
50392230315498917343270589887
21153084004126851907594068636
1558398510672633554
553995419043469953746398004
72784268478843152133451718006
1606844528430737301
1664683597514069376051285471
57215782662861674184619822767
1516487347768275151
21447002566770357641847732083
42162051796705509067912750918
3089060435843760626
40357448310919100813308022271
57861525554552683208107677057
1375834574024395633
76713372585153958471972591451
23775470183658522033933395672
2427005726027762838
14691582242605410536821643886
23372427181652998463297629200
2714654016653548515
25380435238083869168146609826
39794427625466310688637297869
577471133633458841
66149838528398773718205647913
4566683086113613042639504517
3237811643104429682
62780254346141308802853033855
29779223879390959862073625268
109342880763569442
30820064354145941752666900701
56209068202283056033090965522
1139750385380039659
2891925747477380645643711447
22641707636301082768368267183
582463390785523476
56891986691422620500991821005
69186045906886959356247756688
2654556721271297197
1121755183658270976334194281
68938648333217476155106796315
339544902550239853
15157006622260991868612619473
30364695206016367757516722230
2030919705926521106
12106637186043466543166201625
4188622669237262017385615869
2443861720647337073
34794466499307088834749144710
9899722197967933067040520959
647711786301624201
8254825002036802762891010901
40860345303148387819671537816
2738236227468511721
5216572197424763484936422519
57003729981291450145204848174
2349698966038903388
39392949751265885905279768836
77609427409162098437953829681
2930803413813085686
53797133829191853755074023835
10423822823539840196767113877
3329534884394074892
19890798427458525145862472041
77255075354141001201160573414
2881408293024749997
62215607620772774707886886877
9519845499205237039461426311
520826056561486589
43561328432064632343554054423
21835596078407458185976986063
81391374866231020
39467791075369151400061037956
112764256898745475508542342
1835244493710482344
44130221119782255520633338360
7048180018795388017827088539
861685071732124980
13550180674192037259918651960
21546249349651606114663853287
428879822276332336
22957135779762097247663464138
55867643741965894877671068866
1830269041337392738
21041803279100166097488561542
48423895609326102815632732967
629662617470273946
14119842296028308363761373703
61016738116202644542684996483
2919512459161126678
17797262357370209099865045167
75857921038646954631819337551
1914105730425463377
34654939055437454465894956604
78748338270409928522916052073
939727683459466959
30943174149233481300520968635
68291994983930101233071709793
2840078918599881511
68790389600064075661314154872
74863891752651849667135377449
1118197123380052201
10425836122587231008727175237
67604955528355515561305847862
1261900872690449942
68464546145373972310231574548
43109449261371606857181491257
656393201783617906
55815755859085737110582067967
58460484667292340755052104362
3377976083914032489
37124677183706652730915031134
73135689703702776227609171779
3171786565704583571
5254560435427644182710740823
49613384407627893594604533543
713599388618267468
19488379430256274081615903045
60071852304617459208509200533
2088700111258394641
26133951254562634685191322540
71687385786126870292716865536
2726593939981809191
1964107706903659922785061216
70515161075655157011948557391
1818575677251573395
76885647847664819339946526191
25991851937906001407220456506
3062927917955703636
59120817807406254211291542592
16739679226063519805808017132
391657702867211833
49649450009237569753755126400
24888986804764309068487478849
1655354000664574408
66025334960211438828020235586
65487941284637004222936745297
2363965630314715843
61063149653056644944238507533
48390507433900171536855063363
1196762139401876221
54794339251075003365472800050
24757275859419677516498640455
3412740732941504152
41458212487286830752251617086
39657845329636903970592319604
1046366490971846548
37911652347496171835533948233
36832931162594775922583199843
3316038088406520131
27487486162805607606600152017
29042070852165707546294832273
1598053950046609607
59423715809903630035956359544
10580213881515037618627428570
198296284515624476
51919348298751671099326574178
4266216505129377329164261570
1869278974802915784
23546774525543671304814865167
65031164213180242765966906364
1531417825335591935
25363926652757012853282198140
1615376539430376103634788252
1612048951392237591
33631349813465732149870733707
28532732367712457169944999261
2710928618445708644
48970120072492690049974235075
66030270618992127919845206522
2185023131887708981
51825855640428480139402358995
54565256394045956205676104580
1835675613131079893
20185689355548628882575960106
66002365119522131072777163018
2307511747328133498
38298857100317673489692796369
37900123893085749847082632409
837845885969326718
38367957060452997688690846747
47078246247024328505806278918
1718135321112026993
40660623551402955348230534915
46893078821846525497314638850
1796133625190684865
34930138871393884044460875144
48063084516877833613586604168
2467447626799368269
24316749228623300780320893545
69969244514174067621965726906
2368271733118695654
22266703725645011508406097908
5384509094015247832958140063
2039839060710357662
51835226450092655307420435331
40704843081695520811511999495
3387793296370406940
8513791073808830280081951352
22877389894199921360983478194
848354858122922555
18176035101488899141996413444
38885403221913091387417955675
3147408337876883091
33362588860476617447208240597
59091313615559230657870228141
998501917174517011
34810821997787881738004450430
75215478346449417187351307654
2361480481539604130
13829070493158695918785829290
2143913593376662030334284741
1759594409032948804
69920655270487115599440347664
21573888279779313703718006121
1324483598661541121
72319361658792107510113671598
15632255505235748053509644476
3358521248426112899
71263293582788627644531296970
20500957953309387755676217859
1293422015808605377
12910198245200746155343816479
72064215667210025917975676901
43242079593373848
42754160676779233978562222473
35715804875198217109659743242
2730099422057468370
471997632784420031536157446
6965452335989585748993813372
1546273629162903439
64575280269665579999403303944
34095483366459675336891378132
151861421335041283
12026987078936179084796731134
67685029701034291326785439498
1798388599236810980
42299525450286694897175481955
12716362979124643386288851448
2782749150510145119
78899494558293383478848491189
45615304923300632746164032899
590116527232670866
71387688181969332862665849902
41247341297978114955981593294
2739076694211794460
76851155280495669066858264716
41179405874496232173090439003
183579882687422483
76949771097052616386798345437
4130612928679831995635804992
1119032178791015293
36071741285378746453968035890
42015243329737362915263993440
2621974649946078751
49376864338762131394798949570
60026850689341309525760122260
1143975345960385243
43202298417589862699720870449
65714168222576203439685386914
95324925930395564
44871261415708723324813943195
28118722881173192620578428577
802643364788646748
63986619905363832902070136250
4863448054893119004257247115
1120580863489744776
78202049747789850936503912239
25289267482641408137838514046
2680127282447222152
58135018470072487713542267813
76547944798620437080039324730
3108939327219352824
68165856542252153787766814702
53932092937319095014979136623
3013017867412166243
9908470446803168626742748369
74925936018300023098489588612
3127322366323370737
28943594902097685061560809272
75183317760189451856569323489
1230955412567413689
24238384047447910204025121011
29266398392944029522721217490
694146072143676393
2119582848882429706836972594
61177805817265268028653560939
2112978745791150636
43888849251647421967964256618
70716302886764533421940093470
1354141687100216906
23041805357375255182388942122
71733878980267746956696265175
1543862836391852701
78373916387965547094612664922
7718215407162738004758693088
1397962925833217048
51091287240575507080400305544
34920391293863775924294560462
2907926198744772250
43367723727548967539886556999
68186983312752920351218206328
3198170411794983633
39144634267152961625690021787
47567640051735423146122170164
1552560608149424860
52413863803062587597763036799
37633321058466323539963242718
855155033081918054
68368806107203770448777518163
28169378553348596756050429310
547847299598625357
50256415686204304272597172158
57707803600982238455320942052
2808982780811404578
9273674912315977467004499351
74511645015805263303870112507
829813519708482688
67868859192231936657467069946
2508222201104520440875328455
2048187807928406916
49704189910223835681390914040
74821412237037095912737929652
1612455328097850291
53484479154507241000065128013
73308014544836729010227101642
3162578608206639957
73152790310589181031383664237
27851323931947790975477956395
1923666621043369127
67770775580285311863797675660
53037336608685734032352669455
1688575000802296538
71303974358246670346217345680
19002838854417106795857960786
1172749765232710721
58848740424489514125277668869
55025778089479494204721345917
1266625199878435951
15691703148496001106335187871
21801094896017127786527794540
93938233174724589
67628074137005174809878492261
25770544513911262009966012814
2787469510003880102
67546935378003036711821764545
61513444192148111290952763123
1434052087118163525
73266732980656289955327765930
67983826775497453377377255027
1073642770151409361
68967529799067370507010058863
28185370095431894582480736328
3189589913999042710
28510750946474432321849016677
32986441953938554240066785321
2971989666429364105
24080641739149683790806416950
47557562590209530947558758202
3171859461721794668
4119774092211297315226710411
64511553517247767057522188014
1183547148514265739
190
9381163923951547306282031281
14003672509562643331373665832
1956120666527953595
77758125383313504905607753519
72750125112195248914120134591
657071212219575590
1802612291140887822320085078
8640660684835676014989158929
1407801722331079808
50195608141109418537243567298
78076735890766079768274518197
1483579724851995090
72411935602646105678007329346
33050519950489507125477362727
1625880032322589599
65593468462311536180611562147
11885876955254156275762634055
1100312414855179904
50759351570704983057898974320
43416731710098936897646519359
1023897745155063409
21919229874537187997858369952
59928882922934223943729024647
2137465020560079277
43833550739537059931261580248
36162908626203374098756289999
2549145965057116040
35954948851900856042907573956
58379552751936715157100168479
2304951015349554620
33747219284849886314966575662
3473829242328502247390294498
2428025324540502492
9153676800438180436292273018
77503991733394273343689655070
945712674061904091
3471666768708328536609659796
68526985781241912342386994052
2634518120145265240
17252782575071403984132838630
5186079781214841378139601080
530505783668301695
16168701252104939180839338171
61084574513880497224607470622
3439912361527613557
52318195701853196516929235980
78989332136800194374689607394
2023594396122435356
6280105977383779027354151134
57637658381908071242539291151
1148875749057937482
28105963606462399467349851476
45799796534564046884435870650
1373287223470970737
28079587855783917065533008503
35280535185908337741006108049
413381849479136024
63698830128686783899118343726
57524874850364513250403687198
3103793584581769087
32049335299415674635624800230
49028501319195187871299350677
2756873069859361438
74223246111222222473422545374
44982784712357916751369074565
1850933002938950998
36551068457793654383392824637
26247585446773817812286518997
3352748873448618661
18757546266294255138176788743
74136709472256753823201715174
2607025996917774003
68933542533643592373469070249
32822953591720296916043839693
472077529407875089
44732720957509676149772624802
36398093253146521313237915143
1682727025642239735
68982648218182736084578218434
52986864631057032127404625396
2542653081421496318
33101350921607387217362422261
31730594011880091522245114067
3075978737505153352
69299164955961641326105101990
50530037038769270317011090868
2673110386867412064
72824799448135133616835544057
29490090766910595331190192874
2908681052764222430
45936031429012318870557177267
76247979420039500575508472650
222685883044155234
21894797101874305427050930628
20517976583793721990630614693
491644248926374822
56635777826901213580562973888
58806418977622622245521882332
3127374224516449595
27061309593921035384467056788
44498610758021921427263326663
2424171567532669715
75133141393309630628411052495
1591618030082239150504980590
1276033820181083756
58463293157115317172552310672
39044068869286612674076656601
2737979042252669466
30260365807609727805836177095
17321176918160218632529247610
1782052035937578747
30751817189483033087769488200
25712193321673625746561037523
1598509127978149952
66178552151213924060537408739
36637254710544143154691381888
2530486838341203247
41200130836790685569621321899
78562059799559389659853922863
78965452495530372
63765756915472537057253082493
59501150608681720173320119892
872549528911914606
43814833129110131909947639179
68047711786907755439820332811
2920336246599032408
8732909907378376438621040135
40581463110206317410572848288
437242850671662825
38859569430230646971315658566
8147271205181142935064106909
1308457484114238844
19537262604727202977631220791
44842887159876491702943464254
2263853948932991356
1157262849667025766590770262
44915573876015672647553485393
2858499907394336834
14656108344808237864682340878
32201003699891341078786388924
810357368335058218
72806055620281932476801656946
4181130822519748025782307877
1275026179396268512
34897423959724796595769285345
2194290150088547757934630746
36388773050510531
38237191042756520224183080311
13722597272706939327458057399
3242354064326139593
39263673231251716299499175629
45961968922006257946914692250
2022304344433346627
61144038086740737965296645456
17960008328665379750897414388
359589995856432518
59143152588117230167254452878
36423604671423129713713969793
694057115373753036
35742724897967422389516141953
41672147182332001778048501928
3225956351004887992
11900073390473404008585194606
51338612254292075162771690666
3039803277494494979
27256068001481760399243181207
69225181664187055071798180690
276876400569781580
24093421208572171726317998694
14619708784306160561270055282
1224747213485442870
1547390525934258702973653215
54788320565909843771122270745
690721635008442887
57743314012773419258783350144
77063891995036420293163862531
3250765048463746497
57498047736529411594005910980
57532615230415992987192529509
837292757491592268
32348702614655153698265236589
78531333363844848273255738437
2215460987940877783
26193632772135491688831448819
71423195807853515930855997121
2243123712876316449
12728512913632372803526457753
34448713442723954167496130859
10453361090675491
31783621817486505820737026684
30856926114569445693050743794
2856362385950310884
22263745780915269063756771846
55790231922528318444757140395
2269470150738284471
58128885903234073604652180641
43407974859345386850840213037
828301919854661442
48673089146557503714360262616
50597456962107245858022721630
1938563485325996183
40603926669283541749697645969
50376590564135811128681607224
1675855414870308795
38013376801990927981480345751
19120223343760512132673066461
1374178708085223321
78710062684632202657286988677
61103811650726829299366002834
1307350250771523395
52308692444852963694266578270
16132863595351860709831025775
527495581599740513
18379499286867137827652337384
49792147860175996282881219614
1658383236232053508
9573859262901446772494265958
58053999947968801875684218398
2759738468229225826
6240087677628124476028464150
68505095612681908794817223372
3177952470717313061
32330253808472828487090977835
60248388344605106381121494941
2192645873846767316
74876546694490050874314905252
10283772160875100402435024100
1963717201356853474
47584907149180529225758631444
892549400045248758824905987
1748093960311054334
51541190530332354397924911308
8320212262500484999947934179
947534853138439713
66237510550230894576111453001
56008058632628235143115771862
468541060111745359
33613374634684379600565471196
16171760586083746737351170462
3377655214565602077
19317903812267262819565693663
5882313031380814936241457602
1831569449703332894
78828775669839203668204771158
52241502127917011926522652260
563067685018105118
50458166831972862281574953191
4626069048621855253693974039
297111931335090500
21598804774060846945306315727
906906022565279368487315734
1260123745701470875
13200470478945446733151189570
66986138635216097314771024547
476921754336820987
874454530450102069178498016
31975717753378168842334392956
3313699752274959029
52007649493460864906085685671
26621332158376443802816855089
3216275223810743991
61655506436402193633606560557
58736641601611791782454659502
161832817175507247
53999169066271466459992402511
53465820893011440216140175846
1509834731961161428
73752309396581520118181159643
52062590388657613117644947046
2539378510122450211
53088234607060287768766374616
70818675428937292548880055288
786206826893908357
44144611748989692995262230877
63194499440025354105995459459
2371253455865563055
66182425745484663888960792837
37308634284588315522749494805
2307939529549995690
40701573647923179145793695701
52769776537121904872634488553
2622032909670904145
21470070866449757580715182178
22141396389880594666240144832
1735759118165429310
20397696856962892843260713560
74622349971546651626119733933
595359966657016429
26275970921548745568752259427
3011515979865854389083551653
1285631237369579762
20747577374716628905361208657
23211251522102345302163312504
1347884360884627829
50827742882671890199970876709
29817434567434442486545444929
3389669845504076226
35667403171009402119971954341
32779864145092888731520737335
3241234093438051317
43861255328658467561133339760
47201207621220959682009784262
2781338957970542023
31949225071612302474523580925
69792494294446650562797832067
876239323616661860
69910178839775998050216400888
2585298547287064160460277267
1056881914173097168
12262980254543099366322069809
58766869501380062376749707284
968548068215271665
39186813458623957538513072889
22929033640156764436704790529
1551053182738470563
78995774355706502356777057864
11233826579914352292552899157
2591981979876406293
37174376641751715843373464450
46635188062905133400789584135
746535723269337043
9964726832768396939663038953
23200027564426748080272598602
1290568769178241657
59946248111537900522130708054
58519957315708828613738505388
657599554552692824
44662614102428016997720284788
57265280497438637001469780180
471759293316744943
58111872429200761661204635999
4542275036310562415060663508
127969670918259182
598927468995800227425215408
9457268420412144253394458109
322206139446541732
41903751195333529432379754555
4348158157277444315202034760
2789937232634647843
44842138799026519260770881944
16467209253691303057487046606
236225444678133024
3527449412998257971856627408
27518890315370971970613522204
1992028838002636527
35981479978884320928439067002
16666079698818995647635479977
1325274365611837471
57483131715749989523484448734
45825015176646614778529946511
1709925482863902922
54177195664665776324130018232
11258099616623901015084458318
3322777399083467978
63652931418595092300307989023
4333261025755657376542790637
2068681251297481376
60537133955008763237141657683
30197331650791111729243193413
1978365177468164668
28711624227050371906169290867
41709172245483949522717038764
1887733268866926934
30248219121286461921948607865
49203851153952292496812485251
411861912758353824
16557427979438541406806242222
12204725237010586308760096511
359866877048049138
67349249115673428138183801851
71499462309168220816194507915
1426272654491007670
29312830041872920834155421124
38975052783115614350010750193
136506356177302651
1023888695690788861168186098
69101858614757528403275544577
1852430444440566850
665851474558133123197664610
67332432355516868090599247855
2708238974524378776
45023678192294005316791839989
24554609602729937699352525128
1856845286039412297
40241794646818437010935166250
61319890620932522538208770723
1448897536139978172
66365681582066449055940906083
9462340212576626890686070889
690614985866348665
48052950576504100679697178768
1812800274245964499548139819
2707491274560285441
37630481630674473329160713753
35942796945007655984045807360
3191645193258354761
10494998945207929820729461940
30690116243226585328329350139
2231694908157070372
69008195861355230004771940806
3604042538693243437575056615
366133953366288712
55530292324313489705371439152
75047767380017896034579051967
1033207399575830721
76117550140221675334299912133
42919800173078898566974770389
2087613754585316833
69998993484034731442196133374
30235136222725393710563055546
2413549185169163288
75936309358767878524805499076
4006231682507497073689503754
1678197828347813945
78694725499327168331526388532
26718186306912649487507105907
2608027509138749935
40739239986497103937628369071
8541374960708441830088541933
1238610067824759308
62850679354407784076282846689
51131393347868031107341400248
383558630077968240
652232601692061353393339564
74687865596202582089501852314
3047134191021726581
39928494597735581051044652837
56435146306938753177602943480
1084951721065424954
20361853440497189626656262904
78488087270483735742439704313
996818170673492579
4257033320481938097291570029
74373713707188078044483923944
2422783425246489499
48475974554019549168784909625
44600091067569853065214457680
3310519456367498655
54566380738820975497028288344
55162563362124700341789459357
984566775503828616
46269163613241666762873732756
44306278794958724060699855212
2255043929516069398
60794446367678517008059399683
6765039662942086005177569730
1700942124272984543
29385682159484273111573630136
44306473822990948824333461371
1220109451176894370
66324743474150003033406648625
54933725268896682884259054884
2117223248241960630
41633822866093799663526790709
17811473934968577079810049090
1795009942362520798
73793937120681873341083369353
68949360906753524930181474844
2283411687876797081
13156967615844907519712304621
63124209797392236103187828674
996261959246146220
36275457364502214424176313377
23362113462009138134050594059
162888758799320055
18679176685322811056733892991
64395285166282457254422676899
2252468281374633416
60060389306892140606356872873
2248223240097155892977084726
2985840997810819171
13115453706225409261717770000
67683374042673806371364962359
2041759003827516596
36805760369787321441591772806
1842605965781411972992537948
1475365207423653156
28560357775329070386653189474
66866021967913000035593574889
1735160653871491492
5603916948145137028073832892
58959964685278349545132796217
3287914155896060621
25883721543883446150605644863
2175277106248203683178940393
2924190980070088088
61983568593226072676434868448
26855159769418389695664149760
984264254156927581
74244216117426521729713032509
38287915597508732605055146080
2188253431857558363
71137906573661203798380556239
66799409545946260771586900653
1761819840627289087
61020616138163969520985999696
75082276259488083891594524510
2308011236112826564
62917449137573278414789389086
50889715816374036731356926346
1071331400897251188
51455054719508197690396214075
31269333867358710154442029322
2510390167261505850
4624638416726509797843674387
42677734519915930512710518527
1593266738467677105
27741289790601728346871831503
67485681479968333838100624618
3185321253808370893
53388789333504201440853608817
32035551750292328424621232826
2516867064513572155
59651346892828834616664060725
6570723060174391573889827770
412559579888614440
51190544684258437885999556213
52344733301858538880174305069
791481560607610433
65266934177110430311241053402
60777440604925925172833755160
3295907647296810772
51072030309246459756607429643
73989957763977893378229428397
482316380751907807
65670111008258633395605652713
7946215466861020996070072820
1982169239210658257
27950960909555601094640712513
5546968717146006853663536607
1063778309560898528
42819840846868417442975741619
75592740311800791778072971511
434661231764926306
15892606957533495022576716401
21261165833121108088307637407
2149618184081830080
34124240798606896081814373244
20335805245640975489834213731
167599798926014558
27856889143555367360668218376
64898820229357727092114398685
1591999325373972239
43381802922737224513872500692
76473886885310044004028248422
3050832603017355252
57080567265652827848162618309
13181081232763730866828999655
1293095428227492033
26418605260874812796180129114
59338060646263615367408658615
9411027697415786
48646461877646921927394102492
64541082159661547354894317834
2736140904166548159
6635312413914121232088880732
6099858296221484269199515773
995247035804649259
22537195584353329344225772861
15481318470777923366616904447
2384023399384038850
78786958694430895106977541371
24526549488769289226663787059
1573659936443581258
57545982588303141877963023062
70271989733824210686547864828
1937262348101417718
51898321541965579921953005758
5810211323923809993240485366
2586388863930783389
1832978835533558666229030938069843531093835691309574081708605590207936629577
48
2178698585538019885575271975
54675431295461198444533532768
694940056461361346
0
9548834503768160345678211613
74178820287299564046169131586
899688274260757166
0
1737522344855946346
6379687529059180455
340282366920938463465062396434212281780
340282366920938463469023316663242398612
55916777783872198586136181789
25186183519657539649227224255
343769743561032899
0
78465369809342526600370970461
65037869425092600232008110110
389257078802833716
0
340282366920938463468134813168931598472
340282366920938463467307737289454490313
340282366920938463470248420995811071894
340282366920938463467033646828902713288
53220524820573796046257140911
56834293602665052158241571452
192214174270205880
0
1653860414961528747646335589
28232677715626010699296941937
1977978572024780499
0
4035947968378300225
340282366920938463464340254738133926759
10207469437968942948
7537791713315794472
5134062951120191308596946608
52625152380042476259737573650
3367535397339226045
0
28168887424871150395280324495
72292095355621314232797949692
2174536302034986827
0
11599749171587215191
9661053969305882948
7158904305329095811
3658038107147207960
